# Cost: 304

# Tail Head Net
150 120 1
180 150 1
210 180 1
240 210 1
270 240 1
300 270 1
330 300 1
360 330 1
390 360 1
420 390 1
450 420 1
480 450 1
510 480 1
540 510 1
570 540 1
600 570 1
630 600 1
660 630 1
690 660 1
691 692 1
692 693 1
693 694 1
694 695 1
695 696 1
696 697 1
697 698 1
698 699 1
699 700 1
700 701 1
701 702 1
702 703 1
703 704 1
704 705 1
705 706 1
706 707 1
707 708 1
708 709 1
709 710 1
710 711 1
711 712 1
712 713 1
713 714 1
714 715 1
715 716 1
716 717 1
717 718 1
718 719 1
719 720 1
720 690 1
720 750 1
48 18 2
78 48 2
108 78 2
138 108 2
768 1668 2
798 768 2
828 798 2
858 828 2
877 878 2
878 879 2
879 880 2
880 881 2
881 882 2
882 883 2
883 884 2
884 885 2
885 886 2
886 887 2
887 888 2
888 858 2
888 889 2
889 890 2
890 891 2
891 892 2
892 893 2
893 894 2
894 895 2
895 896 2
896 897 2
897 898 2
898 899 2
899 900 2
1038 138 2
1068 1038 2
1098 1068 2
1128 1098 2
1158 1128 2
1188 1158 2
1218 1188 2
1248 1218 2
1278 1248 2
1308 1278 2
1338 1308 2
1368 1338 2
1398 1368 2
1428 1398 2
1458 1428 2
1488 1458 2
1518 1488 2
1548 1518 2
1578 1548 2
1608 1578 2
1638 1608 2
1668 1638 2
7 907 3
19 20 3
20 21 3
21 22 3
22 23 3
23 24 3
24 25 3
25 26 3
782 812 3
812 842 3
842 872 3
903 933 3
904 903 3
905 904 3
906 905 3
907 906 3
907 908 3
908 909 3
909 910 3
910 911 3
911 912 3
912 913 3
913 914 3
914 915 3
915 916 3
916 917 3
917 918 3
918 919 3
919 19 3
933 963 3
962 992 3
963 962 3
992 1022 3
1022 1052 3
1052 1082 3
1082 1112 3
1112 1142 3
1142 1172 3
1172 1202 3
1202 1232 3
1232 1262 3
1262 1292 3
1292 1322 3
1322 1352 3
1352 1382 3
1382 1412 3
1412 1442 3
1442 1472 3
1472 1502 3
1502 1532 3
1532 1562 3
1562 1592 3
1592 1622 3
1622 1652 3
1652 1682 3
1682 782 3
92 91 4
93 92 4
870 1770 4
930 30 4
960 930 4
990 960 4
993 93 4
994 993 4
995 994 4
996 995 4
997 996 4
998 997 4
999 998 4
1000 999 4
1001 1000 4
1002 1001 4
1003 1002 4
1004 1003 4
1005 1004 4
1006 1005 4
1007 1006 4
1008 1007 4
1009 1008 4
1010 1009 4
1011 1010 4
1012 1011 4
1013 1012 4
1014 1013 4
1015 1014 4
1016 1015 4
1017 1016 4
1018 1017 4
1019 1018 4
1020 990 4
1020 1019 4
1050 1020 4
1080 1050 4
1110 1080 4
1140 1110 4
1170 1140 4
1200 1170 4
1230 1200 4
1260 1230 4
1290 1260 4
1320 1290 4
1350 1320 4
1380 1350 4
1410 1380 4
1440 1410 4
1470 1440 4
1500 1470 4
1530 1500 4
1560 1530 4
1590 1560 4
1620 1590 4
1650 1620 4
1680 1650 4
1710 1680 4
1740 1710 4
1770 1740 4
9 39 5
39 69 5
69 99 5
99 129 5
129 159 5
159 189 5
189 219 5
219 249 5
249 279 5
279 309 5
309 339 5
339 369 5
369 399 5
399 429 5
429 459 5
459 489 5
489 519 5
519 549 5
548 578 5
549 548 5
578 608 5
604 634 5
605 604 5
606 605 5
607 606 5
608 607 5
632 631 5
633 632 5
634 633 5
62 61 6
63 62 6
64 63 6
94 64 6
95 94 6
96 95 6
126 96 6
156 126 6
186 156 6
216 186 6
246 216 6
276 246 6
306 276 6
336 306 6
337 336 6
367 337 6
397 367 6
427 397 6
457 427 6
487 457 6
729 1629 6
730 729 6
731 730 6
732 731 6
733 732 6
734 733 6
735 734 6
736 735 6
737 736 6
738 737 6
739 738 6
740 739 6
741 740 6
742 741 6
772 742 6
773 772 6
774 773 6
775 774 6
776 775 6
777 776 6
807 777 6
808 807 6
809 808 6
810 809 6
1387 487 6
1388 1387 6
1418 1388 6
1419 1418 6
1449 1419 6
1479 1449 6
1509 1479 6
1539 1509 6
1569 1539 6
1599 1569 6
1629 1599 6
