# Cost: 480

# Tail Head Net
271 301 1
271 1171 1
845 875 1
915 916 1
916 917 1
917 918 1
918 919 1
919 920 1
920 921 1
921 21 1
935 936 1
936 937 1
937 938 1
938 939 1
939 940 1
940 941 1
941 942 1
942 943 1
943 944 1
944 945 1
945 915 1
965 935 1
995 965 1
1025 995 1
1055 1025 1
1085 1055 1
1115 1085 1
1145 1115 1
1171 1172 1
1172 1173 1
1173 1174 1
1174 1175 1
1175 1145 1
1175 1205 1
1205 1235 1
1235 1265 1
1265 1295 1
1295 1325 1
1325 1355 1
1355 1385 1
1385 1415 1
1415 1445 1
1445 1475 1
1475 1505 1
1505 1535 1
1535 1565 1
1565 1595 1
1595 1625 1
1625 1655 1
1655 1685 1
1685 1715 1
1715 1745 1
1745 845 1
300 270 2
662 661 2
663 662 2
664 663 2
665 664 2
666 665 2
667 666 2
668 667 2
669 668 2
670 669 2
671 670 2
672 671 2
673 672 2
674 673 2
675 674 2
705 675 2
735 705 2
765 735 2
795 765 2
795 825 2
796 795 2
797 796 2
798 797 2
799 798 2
800 799 2
801 800 2
802 801 2
803 802 2
804 803 2
805 804 2
805 1705 2
825 855 2
835 805 2
855 885 2
865 835 2
895 865 2
1200 300 2
1230 1200 2
1260 1230 2
1289 1290 2
1290 1260 2
1318 1319 2
1319 1289 2
1348 1318 2
1378 1348 2
1408 1378 2
1435 1436 2
1436 1437 2
1437 1438 2
1438 1408 2
1465 1435 2
1495 1465 2
1525 1495 2
1555 1525 2
1585 1555 2
1615 1585 2
1645 1615 2
1675 1645 2
1705 1675 2
35 5 3
61 31 3
61 91 3
62 61 3
63 62 3
64 63 3
65 35 3
65 64 3
66 65 3
96 66 3
126 96 3
156 126 3
157 156 3
158 157 3
159 158 3
160 159 3
161 160 3
162 161 3
192 162 3
222 192 3
252 222 3
253 252 3
283 253 3
313 283 3
343 313 3
853 1753 3
883 853 3
1243 343 3
1273 1243 3
1303 1273 3
1333 1303 3
1363 1333 3
1393 1363 3
1423 1393 3
1453 1423 3
1483 1453 3
1513 1483 3
1543 1513 3
1573 1543 3
1603 1573 3
1633 1603 3
1663 1633 3
1693 1663 3
1723 1693 3
1753 1723 3
50 20 4
55 25 4
80 50 4
80 81 4
81 82 4
82 83 4
83 84 4
84 85 4
85 55 4
85 115 4
115 116 4
116 117 4
117 118 4
118 119 4
119 120 4
783 784 4
784 785 4
785 786 4
786 787 4
787 1687 4
813 783 4
843 813 4
873 843 4
980 80 4
1010 980 4
1040 1010 4
1070 1040 4
1095 1096 4
1096 1097 4
1097 1098 4
1098 1099 4
1099 1100 4
1100 1070 4
1124 1125 4
1125 1095 4
1152 1153 4
1153 1154 4
1154 1124 4
1180 1181 4
1181 1182 4
1182 1152 4
1210 1180 4
1240 1210 4
1270 1240 4
1300 1270 4
1330 1300 4
1360 1330 4
1390 1360 4
1420 1390 4
1450 1420 4
1480 1450 4
1510 1480 4
1540 1510 4
1568 1569 4
1569 1570 4
1570 1540 4
1598 1568 4
1627 1628 4
1628 1598 4
1657 1627 4
1687 1657 4
4 3 5
14 44 5
14 914 5
44 74 5
74 104 5
104 134 5
134 164 5
164 194 5
194 224 5
224 225 5
225 226 5
226 227 5
227 228 5
228 229 5
229 230 5
230 231 5
231 232 5
232 233 5
233 234 5
234 235 5
235 236 5
236 237 5
237 238 5
238 239 5
239 240 5
904 4 5
905 904 5
906 905 5
907 906 5
908 907 5
909 908 5
910 909 5
911 910 5
912 911 5
913 912 5
914 913 5
511 481 6
541 511 6
721 1621 6
722 721 6
723 722 6
724 723 6
725 724 6
726 725 6
727 726 6
728 727 6
729 728 6
730 729 6
731 730 6
732 731 6
733 732 6
734 733 6
764 734 6
794 764 6
824 794 6
854 824 6
884 854 6
1441 541 6
1471 1441 6
1501 1471 6
1531 1501 6
1561 1531 6
1591 1561 6
1621 1591 6
122 121 7
152 122 7
182 152 7
212 182 7
242 212 7
272 242 7
302 272 7
332 302 7
362 332 7
391 392 7
392 362 7
392 393 7
393 1293 7
814 815 7
815 816 7
816 846 7
846 876 7
1293 1294 7
1294 1324 7
1324 1354 7
1354 1384 7
1384 1414 7
1414 1444 7
1444 1474 7
1474 1504 7
1504 1534 7
1534 1564 7
1564 1594 7
1594 1624 7
1624 1654 7
1654 1684 7
1684 1714 7
1714 814 7
842 841 8
872 842 8
899 1799 8
900 899 8
1772 872 8
1773 1772 8
1774 1773 8
1775 1774 8
1776 1775 8
1777 1776 8
1778 1777 8
1779 1778 8
1780 1779 8
1781 1780 8
1782 1781 8
1783 1782 8
1784 1783 8
1785 1784 8
1786 1785 8
1787 1786 8
1788 1787 8
1789 1788 8
1790 1789 8
1791 1790 8
1792 1791 8
1793 1792 8
1794 1793 8
1795 1794 8
1796 1795 8
1797 1796 8
1798 1797 8
1799 1798 8
851 1751 9
881 851 9
1106 1107 9
1107 1108 9
1108 1109 9
1109 1110 9
1110 210 9
1135 1136 9
1136 1106 9
1165 1135 9
1190 1191 9
1191 1192 9
1192 1193 9
1193 1194 9
1194 1195 9
1195 1165 9
1212 1213 9
1213 1214 9
1214 1215 9
1215 1216 9
1216 1217 9
1217 1218 9
1218 1219 9
1219 1220 9
1220 1190 9
1242 1212 9
1272 1242 9
1302 1272 9
1332 1302 9
1362 1332 9
1392 1362 9
1422 1392 9
1452 1422 9
1482 1452 9
1512 1482 9
1542 1512 9
1571 1572 9
1572 1542 9
1601 1571 9
1631 1601 9
1661 1631 9
1691 1661 9
1721 1691 9
1751 1721 9
17 16 10
18 17 10
48 18 10
78 48 10
108 78 10
138 108 10
139 138 10
140 139 10
141 140 10
142 141 10
143 142 10
144 143 10
145 144 10
146 145 10
147 146 10
148 147 10
149 148 10
150 149 10
22 922 11
216 246 11
217 216 11
244 274 11
245 244 11
246 245 11
274 304 11
304 334 11
334 364 11
364 394 11
394 424 11
422 421 11
423 422 11
424 423 11
922 952 11
947 977 11
948 947 11
949 948 11
950 949 11
951 950 11
952 951 11
977 1007 11
1000 1030 11
1001 1000 11
1002 1001 11
1003 1002 11
1004 1003 11
1005 1004 11
1006 1005 11
1007 1006 11
1030 1060 11
1060 1090 11
1088 1118 11
1089 1088 11
1090 1089 11
1117 217 11
1118 1117 11
571 572 12
572 573 12
573 574 12
574 575 12
575 576 12
576 577 12
577 578 12
578 579 12
579 580 12
580 581 12
581 582 12
582 583 12
583 584 12
584 585 12
585 586 12
586 587 12
587 588 12
588 589 12
589 619 12
619 620 12
620 650 12
650 680 12
680 681 12
681 682 12
682 683 12
683 684 12
684 685 12
685 686 12
686 687 12
687 688 12
688 689 12
689 719 12
719 720 12
720 750 12
