# Cost: 343

# Tail Head Net
55 5 1
82 32 1
102 101 1
102 152 1
103 102 1
104 103 1
105 55 1
105 104 1
106 105 1
107 106 1
108 107 1
109 108 1
110 109 1
111 110 1
112 111 1
113 112 1
114 113 1
115 114 1
116 115 1
117 116 1
118 117 1
119 118 1
120 119 1
121 120 1
122 121 1
123 122 1
124 123 1
125 124 1
126 125 1
127 126 1
128 127 1
129 128 1
130 129 1
131 130 1
132 82 1
132 131 1
152 202 1
182 132 1
202 252 1
232 182 1
252 302 1
282 232 1
302 352 1
332 282 1
352 402 1
382 332 1
402 452 1
432 382 1
452 502 1
482 432 1
502 552 1
532 482 1
552 602 1
582 532 1
602 652 1
632 582 1
652 702 1
682 632 1
702 752 1
732 682 1
752 802 1
782 732 1
802 852 1
832 782 1
852 902 1
882 832 1
902 952 1
932 882 1
952 1002 1
982 932 1
1002 1052 1
1032 982 1
1052 1102 1
1082 1032 1
1101 1151 1
1102 1101 1
1132 1082 1
1151 1201 1
1182 1132 1
1201 1251 1
1232 1182 1
1251 1301 1
1282 1232 1
1301 1351 1
1332 1282 1
1382 1332 1
1432 1382 1
1482 1432 1
1532 1482 1
1582 1532 1
1632 1582 1
1682 1632 1
1732 1682 1
1782 1732 1
1832 1782 1
1882 1832 1
1931 1932 1
1932 1882 1
1932 1933 1
1933 1934 1
1934 1935 1
1935 1936 1
1936 1937 1
1937 1938 1
1938 1939 1
1939 1940 1
1940 1941 1
1941 1942 1
1942 1943 1
1943 1944 1
1944 1945 1
1945 1946 1
1946 1947 1
1947 1948 1
1948 1949 1
1949 1950 1
1981 1931 1
2031 1981 1
2081 2031 1
2131 2081 1
2181 2131 1
2231 2181 1
2281 2231 1
2331 2281 1
2381 2331 1
2431 2381 1
2481 2431 1
151 2651 2
201 151 2
251 201 2
301 251 2
351 301 2
401 351 2
451 401 2
501 451 2
546 547 2
547 548 2
548 549 2
549 550 2
551 501 2
596 546 2
601 551 2
646 596 2
651 601 2
696 646 2
701 651 2
701 3201 2
746 696 2
796 746 2
846 796 2
888 889 2
889 890 2
890 891 2
891 892 2
892 893 2
893 894 2
894 895 2
895 896 2
896 846 2
1929 1979 2
1979 2029 2
2029 2079 2
2079 2129 2
2129 2179 2
2179 2229 2
2229 2279 2
2279 2329 2
2329 2379 2
2379 2429 2
2429 2479 2
2551 51 2
2601 2551 2
2651 2601 2
3201 3251 2
3251 3301 2
3301 3351 2
3351 3401 2
3385 3386 2
3386 3387 2
3387 3388 2
3388 888 2
3401 3451 2
3435 3385 2
3451 3501 2
3485 3435 2
3501 3551 2
3535 3485 2
3551 3601 2
3580 3581 2
3581 3582 2
3582 3583 2
3583 3584 2
3584 3585 2
3585 3535 2
3601 3651 2
3629 3630 2
3630 3580 2
3651 3701 2
3679 3629 2
3701 3702 2
3701 3751 2
3702 3703 2
3703 3704 2
3704 3705 2
3705 3706 2
3706 3707 2
3707 3708 2
3708 3709 2
3709 3710 2
3710 3711 2
3711 3712 2
3712 3713 2
3713 3714 2
3714 3715 2
3715 3716 2
3716 3717 2
3717 3718 2
3718 3719 2
3719 3720 2
3720 3721 2
3721 3722 2
3722 3723 2
3723 3724 2
3724 3725 2
3725 3726 2
3726 3727 2
3727 3728 2
3728 3729 2
3729 3679 2
3729 3779 2
3751 3801 2
3779 3829 2
3801 3851 2
3829 3879 2
3851 3901 2
3879 3929 2
3901 1401 2
3929 3979 2
3979 4029 2
4029 4079 2
4079 4129 2
4129 4179 2
4179 4229 2
4229 4279 2
4279 4329 2
4329 4379 2
4379 4429 2
4429 1929 2
900 850 3
950 900 3
1000 950 3
1050 1000 3
1100 1050 3
1150 1100 3
1200 1150 3
1250 1200 3
1300 1250 3
1350 1300 3
1400 1350 3
1450 1400 3
1483 1484 3
1484 1485 3
1485 1486 3
1486 1487 3
1487 1488 3
1488 1489 3
1489 1490 3
1490 1491 3
1491 1492 3
1492 1493 3
1493 1494 3
1494 1495 3
1495 1496 3
1496 1497 3
1497 1498 3
1498 1499 3
1499 1500 3
1500 1450 3
1533 1483 3
1583 1533 3
1626 1627 3
1627 1628 3
1628 1629 3
1629 1630 3
1630 4130 3
1633 1583 3
1676 1626 3
1726 1676 3
1776 1726 3
1826 1776 3
1852 1851 3
1853 1852 3
1854 1853 3
1855 1854 3
1856 1855 3
1857 1856 3
1858 1857 3
1859 1858 3
1860 1859 3
1861 1860 3
1862 1861 3
1863 1862 3
1864 1863 3
1865 1864 3
1866 1865 3
1867 1866 3
1868 1867 3
1869 1868 3
1870 1869 3
1871 1870 3
1872 1871 3
1873 1872 3
1874 1873 3
1875 1874 3
1876 1826 3
1876 1875 3
1926 1876 3
1976 1926 3
2026 1976 3
2076 2026 3
2126 2076 3
2176 2126 3
2226 2176 3
2276 2226 3
2326 2276 3
2376 2326 3
2426 2376 3
2476 2426 3
2485 4985 3
4130 4131 3
4131 4132 3
4132 4133 3
4133 1633 3
4976 2476 3
4977 4976 3
4978 4977 3
4979 4978 3
4980 4979 3
4981 4980 3
4982 4981 3
4983 4982 3
4984 4983 3
4985 4984 3
