# Cost: 321

# Tail Head Net
2115 5715 1
2175 2115 1
2232 2233 1
2233 2234 1
2234 2235 1
2235 2175 1
2282 2281 1
2283 2282 1
2284 2283 1
2285 2284 1
2286 2285 1
2287 2286 1
2287 2288 1
2288 2289 1
2289 2290 1
2290 2291 1
2291 2292 1
2292 2232 1
2347 2287 1
2407 2347 1
2467 2407 1
2527 2467 1
2587 2527 1
2647 2587 1
2707 2647 1
2767 2707 1
2827 2767 1
2887 2827 1
2942 2941 1
2943 2942 1
2944 2943 1
2945 2944 1
2946 2945 1
2947 2887 1
2947 2946 1
3007 2947 1
3067 3007 1
3127 3067 1
3187 3127 1
3247 3187 1
3307 3247 1
3367 3307 1
3427 3367 1
3487 3427 1
3547 3487 1
3658 58 1
3718 3658 1
3775 3776 1
3776 3777 1
3777 3778 1
3778 3718 1
3834 3835 1
3835 3775 1
3893 3894 1
3894 3834 1
3938 3939 1
3939 3940 1
3940 3941 1
3941 3942 1
3942 3943 1
3943 3944 1
3944 3945 1
3945 3946 1
3946 3947 1
3947 3948 1
3948 3949 1
3949 3950 1
3950 3951 1
3951 3952 1
3952 3953 1
3953 3893 1
3998 3938 1
4058 3998 1
4118 4058 1
4177 4178 1
4178 4118 1
4235 4236 1
4236 4237 1
4237 4177 1
4295 4235 1
4353 4354 1
4354 4355 1
4355 4295 1
4411 4412 1
4412 4413 1
4413 4353 1
4471 4411 1
4530 4531 1
4531 4471 1
4590 4530 1
4649 4650 1
4650 4590 1
4705 4706 1
4706 4707 1
4707 4708 1
4708 4709 1
4709 4649 1
4765 4705 1
4822 4823 1
4823 4824 1
4824 4825 1
4825 4765 1
4882 4822 1
4942 4882 1
5002 4942 1
5062 5002 1
5120 5121 1
5121 5122 1
5122 5062 1
5179 5180 1
5180 5120 1
5236 5237 1
5237 5238 1
5238 5239 1
5239 5179 1
5296 5236 1
5356 5296 1
5415 5416 1
5416 5356 1
5475 5415 1
5535 5475 1
5595 5535 1
5655 5595 1
5715 5655 1
49 48 2
50 49 2
51 50 2
52 51 2
53 52 2
54 53 2
55 54 2
115 55 2
116 115 2
117 116 2
118 117 2
119 118 2
179 119 2
239 179 2
299 239 2
359 299 2
360 359 2
420 360 2
480 420 2
540 480 2
600 540 2
660 600 2
720 660 2
780 720 2
840 780 2
900 840 2
960 900 2
1020 960 2
1080 1020 2
1140 1080 2
1200 1140 2
1260 1200 2
1320 1260 2
1380 1320 2
1440 1380 2
1500 1440 2
1560 1500 2
1620 1560 2
1680 1620 2
1740 1680 2
1800 1740 2
1860 1800 2
1920 1860 2
1980 1920 2
2040 1980 2
2100 2040 2
2160 2100 2
2220 2160 2
2280 2220 2
2340 2280 2
2400 2340 2
2460 2400 2
2520 2460 2
2580 2520 2
2640 2580 2
2700 2640 2
2760 2700 2
2820 2760 2
2880 2820 2
2940 2880 2
3000 2940 2
3060 3000 2
3120 3060 2
3180 3120 2
3240 3180 2
3300 3240 2
3300 3360 2
3357 3417 2
3358 3357 2
3359 3358 2
3360 3359 2
3393 3453 2
3394 3393 2
3395 3394 2
3396 3395 2
3397 3396 2
3398 3397 2
3399 3398 2
3400 3399 2
3401 3400 2
3402 3401 2
3403 3402 2
3404 3403 2
3405 3404 2
3406 3405 2
3407 3406 2
3408 3407 2
3409 3408 2
3410 3409 2
3411 3410 2
3412 3411 2
3413 3412 2
3414 3413 2
3415 3414 2
3416 3415 2
3417 3416 2
3442 3502 2
3443 3442 2
3444 3443 2
3445 3444 2
3446 3445 2
3447 3446 2
3448 3447 2
3449 3448 2
3450 3449 2
3451 3450 2
3452 3451 2
3453 3452 2
3493 3553 2
3494 3493 2
3495 3494 2
3496 3495 2
3497 3496 2
3498 3497 2
3499 3498 2
3500 3499 2
3501 3500 2
3502 3501 2
3551 3550 2
3552 3551 2
3553 3552 2
76 16 3
135 136 3
136 76 3
194 195 3
195 135 3
254 194 3
314 254 3
374 314 3
434 374 3
494 434 3
554 494 3
614 554 3
674 614 3
732 733 3
733 734 3
734 674 3
791 792 3
792 732 3
851 791 3
911 851 3
971 911 3
1031 971 3
1089 1090 3
1090 1091 3
1091 1031 3
1149 1089 3
1209 1149 3
1269 1209 3
1329 1269 3
1389 1329 3
1449 1389 3
1509 1449 3
1569 1509 3
1628 1629 3
1629 1569 3
1688 1628 3
1748 1688 3
1806 1807 3
1807 1808 3
1808 1748 3
1864 1865 3
1865 1866 3
1866 1806 3
1924 1864 3
3241 6841 3
3301 3241 3
3361 3301 3
3421 3361 3
3481 3421 3
3541 3481 3
5524 1924 3
5583 5584 3
5584 5524 3
5643 5583 3
5702 5703 3
5703 5643 3
5762 5702 3
5821 5822 3
5822 5762 3
5881 5821 3
5941 5881 3
6001 5941 3
6061 6001 3
6121 6061 3
6181 6121 3
6241 6181 3
6301 6241 3
6361 6301 3
6421 6361 3
6481 6421 3
6541 6481 3
6601 6541 3
6661 6601 3
6721 6661 3
6781 6721 3
6841 6781 3
